0,783
0,782
0,781
0,780
100,35
0,769
16,8
16,7
16,5
16,2
16,1
13,131
13,75
13,71
13,69
13,65
13,62
13,55
13,49
13,48
13,45
13,42
13,39
13,34
13,31
13,25
13,24
13,23
13,22
13,21
13,20
13,18
13,14
13,12
13,9
13,8
13,7
13,6
13,5
13,2
13,1
8,7
8,6
8,5
8,2
8,1
6,6
6,5
6,2
6,1
5,6
5,5
5,2
5,1
2,5
2,2
2,1
0,779
0,724
0,723
0,722
0,721
0,720
0,719
0,718
0,717
0,716
0,715
0,714
0,713
0,712
0,711
0,710
0,709
0,708
0,707
0,706
0,705
0,704
0,703
0,701
0,700
0,698
0,697
0,695
0,694
0,693
0,692
0,691
0,690
0,689
0,688
0,687
0,686
0,685
0,684
0,683
0,682
0,681
0,680
0,679
0,678
0,677
0,676
0,675
0,674
0,673
0,672
0,669
0,668
0,666
0,664
0,663
0,661
0,660
0,658
0,656
0,655
0,653
0,652
0,650
0,649
0,647
0,645
0,644
0,642
0,641
0,495
0,408
0,364
0,340
0,319
0,308
0,305
0,10
0,311
0,310
0,0
0,307
0,306
0,13
0,339
0,11
0,9
100,34
100,33
100,32
100,31
100,30
100,29
100,28
100,27
100,26
100,25
100,24
100,23
100,22
100,21
100,20
100,19
100,18
100,17
100,16
100,15
100,14
100,13
100,12
100,11
100,10
100,9
100,8
100,7
100,6
100,5
100,4
100,3
100,2
100,0
0,484
0,469
0,303
0,483
0,468
0,302
0,467
0,301
0,466
0,300
0,482
